3,2
10,206
10,311
10,123
10,105
10,208
10,66
76,4
76,3
10,193
76,2
10,2
10,3
76,1
76,0
72,5
72,4
72,3
72,2
72,1
72,0
62,6
62,5
62,4
62,3
9,4
62,2
9,6
9,2
62,1
62,0
57,4
9,3
57,3
57,2
8,4
8,16
8,10
8,11
8,5
8,2
8,3
57,1
57,0
49,5
49,4
49,3
49,2
49,1
44,5
44,4
44,3
44,1
41,4
41,3
41,2
41,1
39,3
39,2
39,1
37,5
37,4
37,3
37,2
37,1
20,2
12,3
20,1
12,2
20,3
12,1
11,30
11,29
11,28
11,27
11,26
11,25
11,24
11,23
11,22
11,21
11,20
11,19
11,18
11,17
11,16
11,15
11,14
11,13
11,12
11,11
11,10
19,2
11,9
11,8
19,1
11,7
19,3
11,6
11,5
11,4
11,3
11,2
11,1
10,313
10,310
10,283
10,267
18,1
10,258
